p0_hz: -48.07485857715684
p1_hz: 13.568051640004018
p2_hz: 40.63251672613037
v3_hartree: 1.1595591365433604
delta2_hz: 0.3323652710136572
delta3_hz: 0.10637834091018446
numerov_hz: 0.1250959690086255
freq_cm1: 1009.7346555376379
freq_harmonic_cm1: 1012.0136901924529
