degree_pot_energy: 6
degree_exp_value: 6
energy_precision_hartree: 1.0e-12
num_solutions: 4
num_steps: 1000
harmonic_frequency_cm1: 1022.3397
reduced_mass_amu: 14.3975
steps:
  - displacement_au: -0.040446965928
    pot_energy_hartree: -17616.7222651
    exp_value_au: -7.38477267252e-15
  - displacement_au: -0.080893931856
    pot_energy_hartree: -17616.7209787
    exp_value_au: -7.45204873198e-15
  - displacement_au: -0.121340897785
    pot_energy_hartree: -17616.7189172
    exp_value_au: -7.50742595996e-15
  - displacement_au: -0.161787863713
    pot_energy_hartree: -17616.7161393
    exp_value_au: -7.55002572784e-15
  - displacement_au: -0.202234829641
    pot_energy_hartree: -17616.7126987
    exp_value_au: -7.57896608976e-15
  - displacement_au: 0.0
    pot_energy_hartree: -17616.722711
    exp_value_au: -7.30658334569e-15
  - displacement_au: 0.040446965928
    pot_energy_hartree: -17616.722244
    exp_value_au: -7.21819579494e-15
  - displacement_au: 0.080893931856
    pot_energy_hartree: -17616.7207833
    exp_value_au: -7.12055873617e-15
  - displacement_au: 0.121340897785
    pot_energy_hartree: -17616.7182408
    exp_value_au: -7.01414345803e-15
  - displacement_au: 0.161787863713
    pot_energy_hartree: -17616.7145226
    exp_value_au: -6.89974774533e-15
  - displacement_au: 0.202234829641
    pot_energy_hartree: -17616.7095305
    exp_value_au: -6.77813440455e-15
