p0_hz: -48.07485857715684
p1_hz: 13.568051640003198
p2_hz: 40.63251672614069
v3_hartree: 1.1595591365433686
delta2_hz: 0.33236527101374164
delta3_hz: 0.10637834091028099
numerov_hz: 0.12509596900947673
freq_cm1: 1009.7346555376379
freq_harmonic_cm1: 1012.0136901924529
